00
11
000
110
011
101
0000
0011
0110
1111
1100
1001
1010
0101
01100
11110
01111
11000
00011
00000
00110
01010
11011
00101
10010
10111
11101
10100
10001
01001
000110
011011
001010
111111
110011
110000
001100
001111
010111
110101
001001
100010
100111
101101
010010
111100
000101
101011
100001
111001
010001
0101000
0000110
0111100
1101001
0010001
1000111
1001101
1110010
1011100
0011000
1010101
1000001
1000010
1011001
1110001
01101010
00101110
01010011
11000110
01101100
00110110
00111010
01010000
00010100
11010001
10001101
10110010
00110011
10101001
00100001
10000001
10000010
10000111
10011001
10110001
000111100
001011111
011101000
000011110
001101100
001101111
001110111
111010000
000011000
000101011
001000010
100110010
010011100
011011000
001100101
000100100
101010001
110100001
001000001
100000001
100000010
100000111
100001101
100011001
100110001
0001111011
0110101110
1111101000
0111010011
0001010000
1100011110
0111101100
1100011000
0000110011
0001010101
1101000010
0010000111
1000110010
1110011100
1111011000
0110110011
0001001011
1010100001
1101000001
0010000001
1000000010
1000000111
1000001101
1000011001
1000110001
01101011111
11111010011
11001010000
01101101100
00110110110
00110111010
01011010000
11000110011
00010101001
11010000111
00100001101
10110011100
10111011000
11110110011
01101100101
00010010101
10101000001
11010000001
00100000001
10000000010
10000000111
10000001101
10000011001
10000110001
000111101010
000101000110
000011111100
001101101111
001101110111
010100011000
000101010001
110100001101
100110011100
101110110011
111101100101
001100100100
000100101001
101010000001
110100000001
001000000001
100000000111
100000001101
100000011001
100000110001
0010111101000
0101001010000
1100101000110
1100011111100
0111101101100
0110110110110
1110100011000
0101000110011
0000110010100
0010000110010
1000110011100
0100111011000
1011101100101
0011001001011
0001001010001
1010100000001
1101000000001
1000000001101
1000000011001
1000000110001
00011110101110
00101111010011
00010100011110
01101101101111
00110110111010
00111011010000
11101000110011
11000110010100
00001100101011
00010101000010
11010000110010
11100111011000
01001110110011
01101100100100
00110010010101
00010010100001
10101000000001
00100000000010
10000000011001
10000000110001
000111101011111
011010111101000
011101001010000
010100101000110
110010100011110
000011111101100
011110110110110
001101101110111
010110100011000
110001100101011
000011001010101
000101010000111
101100111011000
111001110110011
010011101100101
111101100100100
011011001001011
001100100101001
000100101000001
110100000000010
001000000000111
100000000110001
0110101111010011
1111101001010000
1100011111101100
0111101101101111
0110110110111010
0101101000110011
0101000110010100
1100011001010101
0000110010101001
0001010100001101
0010000110011100
1001100111011000
1011001110110011
1110011101100101
1011101100100100
1111011001001011
0110110010010101
0011001001010001
0001001010000001
1010100000000010
1101000000000111
0010000000001101
01110100101000110
01010010100011110
00010100011111100
01101101101110111
00110111011010000
11101000110010100
01010001100101011
11000110010101001
00001100101010001
11010000110011100
10001100111011000
10011001110110011
10110011101100101
10111011001001011
11110110010010101
01101100100101001
00110010010100001
00010010100000001
10101000000000111
11010000000001101
00100000000011001
111110100101000110
110010100011111100
000011111101101100
011110110110111010
001110110100011000
111010001100101011
010100011001010101
110001100101010001
000101010000110010
100011001110110011
100110011101100101
010011101100100100
101110110010010101
111101100100101001
011011001001010001
001100100101000001
000100101000000001
101010000000001101
110100000000011001
001000000000110001
0001111010111101000
0010111101001010000
0111010010100011110
1100011111101101100
0111101101101110111
0011101101000110011
0101101000110010100
1110100011001010101
0101000110010101001
0000110010101000010
1000110011101100101
1110011101100100100
0100111011001001011
1011101100100101001
1111011001001010001
0110110010010100001
0011001001010000001
1010100000000011001
1101000000000110001
00011110101111010011
11111010010100011110
01010010100011111100
00010100011111101100
00001111110110110110
00110110111011010000
01011010001100101011
11101000110010101001
01010001100101010001
11000110010101000010
00001100101010000111
00100001100111011000
10110011101100100100
11100111011001001011
01001110110010010101
10111011001001010001
11110110010010100001
01101100100101000001
00110010010100000001
00010010100000000010
10101000000000110001
011010111101001010000
001011110100101000110
110010100011111101100
110001111110110110110
000011111101101101111
001101110110100011000
010110100011001010101
111010001100101010001
110001100101010000111
000011001010100001101
000101010000110011100
110100001100111011000
001000011001110110011
100110011101100100100
101100111011001001011
111001110110010010101
010011101100100101001
101110110010010100001
111101100100101000001
011011001001010000001
001100100101000000001
000100101000000000111
0111010010100011111100
1100011111101101101111
0110110110111011010000
0011011101101000110011
0011101101000110010100
0101101000110010101001
0101000110010101000010
1100011001010100001101
1101000011001110110011
0010000110011101100101
1000110011101100100100
1001100111011001001011
1011001110110010010101
1110011101100100101001
0100111011001001010001
1011101100100101000001
1111011001001010000001
0110110010010100000001
0001001010000000001101
01101011110100101000110
00101111010010100011110
11111010010100011111100
01010010100011111101100
00010100011111101101100
00001111110110110111010
00111011010001100101011
01011010001100101010001
11101000110010101000010
01010001100101010000111
00001100101010000110010
11010000110011101100101
10001100111011001001011
10011001110110010010101
10110011101100100101001
11100111011001001010001
01001110110010010100001
10111011001001010000001
11110110010010100000001
01101100100101000000001
00110010010100000000010
00010010100000000011001
110010100011111101101100
110001111110110110111010
000011111101101101110111
011110110110111011010000
001101101110110100011000
001110110100011001010101
111010001100101010000111
010100011001010100001101
110001100101010000110010
100011001110110010010101
100110011101100100101001
101100111011001001010001
111001110110010010100001
010011101100100101000001
101110110010010100000001
111101100100101000000001
001100100101000000000111
000100101000000000110001
0001111010111101001010000
0110101111010010100011110
0111010010100011111101100
0001010001111110110110110
1100011111101101101110111
0011011011101101000110011
0011011101101000110010100
0011101101000110010101001
0101101000110010101000010
1110100011001010100001101
0001010100001100111011000
0010000110011101100100100
1000110011101100100101001
1001100111011001001010001
1011001110110010010100001
1110011101100100101000001
0100111011001001010000001
1011101100100101000000001
0110110010010100000000010
0011001001010000000001101
00101111010010100011111100
11111010010100011111101100
01010010100011111101101100
11001010001111110110110110
00010100011111101101101111
01101101101110110100011000
00110111011010001100101011
00111011010001100101010001
01011010001100101010000111
01010001100101010000110010
00001100101010000110011100
00010101000011001110110011
11010000110011101100100100
00100001100111011001001011
10001100111011001001010001
10011001110110010010100001
10110011101100100101000001
11100111011001001010000001
01001110110010010100000001
11110110010010100000000010
01101100100101000000000111
00110010010100000000011001
000111101011110100101000110
110010100011111101101101111
011011011011101101000110011
001101110110100011001010101
010110100011001010100001101
111010001100101010000110010
110001100101010000110011100
000101010000110011101100101
110100001100111011001001011
001000011001110110010010101
100011001110110010010100001
100110011101100100101000001
101100111011001001010000001
111001110110010010100000001
010011101100100101000000001
101110110010010100000000010
111101100100101000000000111
011011001001010000000001101
001100100101000000000110001
0110101111010010100011111100
0111010010100011111101101100
0101001010001111110110110110
0001010001111110110110111010
0111101101101110110100011000
0011011011101101000110010100
0011011101101000110010101001
0011101101000110010101000010
1101000011001110110010010101
0010000110011101100100101001
1000110011101100100101000001
1001100111011001001010000001
1011001110110010010100000001
1110011101100100101000000001
1011101100100101000000000111
1111011001001010000000001101
0110110010010100000000011001
00011110101111010010100011110
00101111010010100011111101100
11111010010100011111101101100
01010010100011111101101101111
11001010001111110110110111010
00010100011111101101101110111
00001111110110110111011010000
01111011011011101101000110011
00110110111011010001100101011
00110111011010001100101010001
00111011010001100101010000111
01011010001100101010000110010
01010001100101010000110011100
11010000110011101100100101001
00100001100111011001001010001
10001100111011001001010000001
10011001110110010010100000001
10110011101100100101000000001
01001110110010010100000000010
10111011001001010000000001101
11110110010010100000000011001
01101100100101000000000110001
011101001010001111110110110110
110010100011111101101101110111
110001111110110110111011010000
011011011011101101000110010100
001101101110110100011001010101
001110110100011001010100001101
111010001100101010000110011100
000011001010100001100111011000
000101010000110011101100100100
110100001100111011001001010001
001000011001110110010010100001
100011001110110010010100000001
100110011101100100101000000001
111001110110010010100000000010
010011101100100101000000000111
101110110010010100000000011001
111101100100101000000000110001
0110101111010010100011111101100
1111101001010001111110110110110
0111010010100011111101101101111
0101001010001111110110110111010
0110110110111011010001100101011
0011011011101101000110010101001
0011011101101000110010101000010
1100011001010100001100111011000
0000110010101000011001110110011
0001010100001100111011001001011
1101000011001110110010010100001
0010000110011101100100101000001
1000110011101100100101000000001
1011001110110010010100000000010
1110011101100100101000000000111
0100111011001001010000000001101
1011101100100101000000000110001
00011110101111010010100011111100
00101111010010100011111101101100
11111010010100011111101101101111
01010010100011111101101101110111
01111011011011101101000110010100
01101101101110110100011001010101
00110110111011010001100101010001
00110111011010001100101010000111
00111011010001100101010000110010
01011010001100101010000110011100
11000110010101000011001110110011
00001100101010000110011101100101
00010101000011001110110010010101
11010000110011101100100101000001
00100001100111011001001010000001
10011001110110010010100000000010
10110011101100100101000000000111
11100111011001001010000000001101
01001110110010010100000000011001
011101001010001111110110110111010
000011111101101101110110100011000
011110110110111011010001100101011
011011011011101101000110010101001
001101110110100011001010100001101
010100011001010100001100111011000
110001100101010000110011101100101
000101010000110011101100100101001
110100001100111011001001010000001
001000011001110110010010100000001
100011001110110010010100000000010
100110011101100100101000000000111
101100111011001001010000000001101
111001110110010010100000000011001
010011101100100101000000000110001
0110101111010010100011111101101100
0010111101001010001111110110110110
1111101001010001111110110110111010
0111010010100011111101101101110111
0001010001111110110110111011010000
1100011111101101101110110100011000
0000111111011011011101101000110011
0111101101101110110100011001010101
0110110110111011010001100101010001
0011011011101101000110010101000010
1110100011001010100001100111011000
0101000110010101000011001110110011
0001010100001100111011001001010001
1101000011001110110010010100000001
0010000110011101100100101000000001
1000110011101100100101000000000111
1001100111011001001010000000001101
1011001110110010010100000000011001
1110011101100100101000000000110001
00011110101111010010100011111101100
00101111010010100011111101101101111
11111010010100011111101101101110111
11001010001111110110110111011010000
11000111111011011011101101000110011
01111011011011101101000110010101001
00110110111011010001100101010000111
00110111011010001100101010000110010
00111011010001100101010000110011100
11101000110010101000011001110110011
01010001100101010000110011101100101
00001100101010000110011101100100100
00010101000011001110110010010100001
11010000110011101100100101000000001
10001100111011001001010000000001101
10011001110110010010100000000011001
10110011101100100101000000000110001
011010111101001010001111110110110110
011110110110111011010001100101010001
011011011011101101000110010101000010
001101101110110100011001010100001101
010110100011001010100001100111011000
111010001100101010000110011101100101
110001100101010000110011101100100100
000011001010100001100111011001001011
000101010000110011101100100101000001
001000011001110110010010100000000010
100011001110110010010100000000011001
100110011101100100101000000000110001
0110101111010010100011111101101101111
0010111101001010001111110110110111010
0101001010001111110110110111011010000
0000111111011011011101101000110010100
0110110110111011010001100101010000111
0101101000110010101000011001110110011
1100011001010100001100111011001001011
0000110010101000011001110110010010101
0001010100001100111011001001010000001
1101000011001110110010010100000000010
0010000110011101100100101000000000111
1000110011101100100101000000000110001
00011110101111010010100011111101101100
00101111010010100011111101101101110111
00010100011111101101101110110100011000
11000111111011011011101101000110010100
00001111110110110111011010001100101011
01111011011011101101000110010101000010
01101101101110110100011001010100001101
00110110111011010001100101010000110010
00110111011010001100101010000110011100
01011010001100101010000110011101100101
01010001100101010000110011101100100100
11000110010101000011001110110010010101
00001100101010000110011101100100101001
00010101000011001110110010010100000001
11010000110011101100100101000000000111
00100001100111011001001010000000001101
011010111101001010001111110110110111010
011101001010001111110110110111011010000
110010100011111101101101110110100011000
000101000111111011011011101101000110011
110001111110110110111011010001100101011
000011111101101101110110100011001010101
011110110110111011010001100101010000111
001110110100011001010100001100111011000
111010001100101010000110011101100100100
010100011001010100001100111011001001011
110001100101010000110011101100100101001
000011001010100001100111011001001010001
000101010000110011101100100101000000001
110100001100111011001001010000000001101
001000011001110110010010100000000011001
0001111010111101001010001111110110110110
0110101111010010100011111101101101110111
1111101001010001111110110110111011010000
1100101000111111011011011101101000110011
1100011111101101101110110100011001010101
0000111111011011011101101000110010101001
0111101101101110110100011001010100001101
0110110110111011010001100101010000110010
0011101101000110010101000011001110110011
1110100011001010100001100111011001001011
0101000110010101000011001110110010010101
1100011001010100001100111011001001010001
0000110010101000011001110110010010100001
1101000011001110110010010100000000011001
0010000110011101100100101000000000110001
00011110101111010010100011111101101101111
01010010100011111101101101110110100011000
11000111111011011011101101000110010101001
00001111110110110111011010001100101010001
00110110111011010001100101010000110011100
00111011010001100101010000110011101100101
01011010001100101010000110011101100100100
11101000110010101000011001110110010010101
01010001100101010000110011101100100101001
11000110010101000011001110110010010100001
00001100101010000110011101100100101000001
00010101000011001110110010010100000000010
11010000110011101100100101000000000110001
010100101000111111011011011101101000110011
000101000111111011011011101101000110010100
110001111110110110111011010001100101010001
011110110110111011010001100101010000110010
001101110110100011001010100001100111011000
010110100011001010100001100111011001001011
111010001100101010000110011101100100101001
010100011001010100001100111011001001010001
110001100101010000110011101100100101000001
000011001010100001100111011001001010000001
000101010000110011101100100101000000000111
0001111010111101001010001111110110110111010
0010111101001010001111110110110111011010000
0111010010100011111101101101110110100011000
1100101000111111011011011101101000110010100
0001010001111110110110111011010001100101011
0000111111011011011101101000110010101000010
0110110110111011010001100101010000110011100
0011011101101000110010101000011001110110011
0101101000110010101000011001110110010010101
1110100011001010100001100111011001001010001
0101000110010101000011001110110010010100001
1100011001010100001100111011001001010000001
0000110010101000011001110110010010100000001
0001010100001100111011001001010000000001101
00011110101111010010100011111101101101110111
11111010010100011111101101101110110100011000
01110100101000111111011011011101101000110011
11001010001111110110110111011010001100101011
00010100011111101101101110110100011001010101
11000111111011011011101101000110010101000010
00001111110110110111011010001100101010000111
00110111011010001100101010000110011101100101
00111011010001100101010000110011101100100100
01011010001100101010000110011101100100101001
11101000110010101000011001110110010010100001
01010001100101010000110011101100100101000001
11000110010101000011001110110010010100000001
00001100101010000110011101100100101000000001
00010101000011001110110010010100000000011001
011010111101001010001111110110110111011010000
111110100101000111111011011011101101000110011
010100101000111111011011011101101000110010100
110010100011111101101101110110100011001010101
000101000111111011011011101101000110010101001
110001111110110110111011010001100101010000111
000011111101101101110110100011001010100001101
011110110110111011010001100101010000110011100
001101101110110100011001010100001100111011000
001110110100011001010100001100111011001001011
010110100011001010100001100111011001001010001
111010001100101010000110011101100100101000001
010100011001010100001100111011001001010000001
110001100101010000110011101100100101000000001
000101010000110011101100100101000000000110001
0101001010001111110110110111011010001100101011
1100101000111111011011011101101000110010101001
0001010001111110110110111011010001100101010001
1100011111101101101110110100011001010100001101
0011011011101101000110010101000011001110110011
0011101101000110010101000011001110110010010101
0101101000110010101000011001110110010010100001
1110100011001010100001100111011001001010000001
0101000110010101000011001110110010010100000001
0000110010101000011001110110010010100000000010
00101111010010100011111101101101110110100011000
01110100101000111111011011011101101000110010100
01010010100011111101101101110110100011001010101
11001010001111110110110111011010001100101010001
00001111110110110111011010001100101010000110010
01101101101110110100011001010100001100111011000
00110110111011010001100101010000110011101100101
00110111011010001100101010000110011101100100100
00111011010001100101010000110011101100100101001
01011010001100101010000110011101100100101000001
11101000110010101000011001110110010010100000001
01010001100101010000110011101100100101000000001
11000110010101000011001110110010010100000000010
00001100101010000110011101100100101000000000111
001011110100101000111111011011011101101000110011
111110100101000111111011011011101101000110010100
011101001010001111110110110111011010001100101011
010100101000111111011011011101101000110010101001
000101000111111011011011101101000110010101000010
110001111110110110111011010001100101010000110010
011011011011101101000110010101000011001110110011
001101110110100011001010100001100111011001001011
001110110100011001010100001100111011001001010001
010110100011001010100001100111011001001010000001
111010001100101010000110011101100100101000000001
110001100101010000110011101100100101000000000111
000011001010100001100111011001001010000000001101
0001111010111101001010001111110110110111011010000
0110101111010010100011111101101101110110100011000
1111101001010001111110110110111011010001100101011
0111010010100011111101101101110110100011001010101
0101001010001111110110110111011010001100101010001
1100101000111111011011011101101000110010101000010
0001010001111110110110111011010001100101010000111
0111101101101110110100011001010100001100111011000
0110110110111011010001100101010000110011101100101
0011011101101000110010101000011001110110010010101
0011101101000110010101000011001110110010010100001
0101101000110010101000011001110110010010100000001
0101000110010101000011001110110010010100000000010
1100011001010100001100111011001001010000000001101
0000110010101000011001110110010010100000000011001
01101011110100101000111111011011011101101000110011
11111010010100011111101101101110110100011001010101
01110100101000111111011011011101101000110010101001
11001010001111110110110111011010001100101010000111
00010100011111101101101110110100011001010100001101
00001111110110110111011010001100101010000110011100
01111011011011101101000110010101000011001110110011
00110110111011010001100101010000110011101100100100
00110111011010001100101010000110011101100100101001
00111011010001100101010000110011101100100101000001
01011010001100101010000110011101100100101000000001
11101000110010101000011001110110010010100000000010
01010001100101010000110011101100100101000000000111
11000110010101000011001110110010010100000000011001
00001100101010000110011101100100101000000000110001
001011110100101000111111011011011101101000110010100
111110100101000111111011011011101101000110010101001
011101001010001111110110110111011010001100101010001
010100101000111111011011011101101000110010101000010
110010100011111101101101110110100011001010100001101
110001111110110110111011010001100101010000110011100
011110110110111011010001100101010000110011101100101
001101101110110100011001010100001100111011001001011
001101110110100011001010100001100111011001001010001
001110110100011001010100001100111011001001010000001
111010001100101010000110011101100100101000000000111
010100011001010100001100111011001001010000000001101
110001100101010000110011101100100101000000000110001
0010111101001010001111110110110111011010001100101011
1111101001010001111110110110111011010001100101010001
0101001010001111110110110111011010001100101010000111
0001010001111110110110111011010001100101010000110010
0110110110111011010001100101010000110011101100100100
0011011011101101000110010101000011001110110010010101
0011011101101000110010101000011001110110010010100001
0011101101000110010101000011001110110010010100000001
0101101000110010101000011001110110010010100000000010
1110100011001010100001100111011001001010000000001101
0101000110010101000011001110110010010100000000011001
00011110101111010010100011111101101101110110100011000
01101011110100101000111111011011011101101000110010100
00101111010010100011111101101101110110100011001010101
01110100101000111111011011011101101000110010101000010
01010010100011111101101101110110100011001010100001101
11001010001111110110110111011010001100101010000110010
01101101101110110100011001010100001100111011001001011
00110110111011010001100101010000110011101100100101001
00110111011010001100101010000110011101100100101000001
00111011010001100101010000110011101100100101000000001
01011010001100101010000110011101100100101000000000111
11101000110010101000011001110110010010100000000011001
01010001100101010000110011101100100101000000000110001
000111101011110100101000111111011011011101101000110011
011010111101001010001111110110110111011010001100101011
001011110100101000111111011011011101101000110010101001
111110100101000111111011011011101101000110010101000010
011101001010001111110110110111011010001100101010000111
000011111101101101110110100011001010100001100111011000
011110110110111011010001100101010000110011101100100100
011011011011101101000110010101000011001110110010010101
001101101110110100011001010100001100111011001001010001
001101110110100011001010100001100111011001001010000001
010110100011001010100001100111011001001010000000001101
111010001100101010000110011101100100101000000000110001
0110101111010010100011111101101101110110100011001010101
0010111101001010001111110110110111011010001100101010001
1111101001010001111110110110111011010001100101010000111
0111010010100011111101101101110110100011001010100001101
0101001010001111110110110111011010001100101010000110010
0001010001111110110110111011010001100101010000110011100
1100011111101101101110110100011001010100001100111011000
0000111111011011011101101000110010101000011001110110011
0111101101101110110100011001010100001100111011001001011
0110110110111011010001100101010000110011101100100101001
0011011011101101000110010101000011001110110010010100001
0011011101101000110010101000011001110110010010100000001
0011101101000110010101000011001110110010010100000000010
0101101000110010101000011001110110010010100000000011001
01101011110100101000111111011011011101101000110010101001
11111010010100011111101101101110110100011001010100001101
11001010001111110110110111011010001100101010000110011100
11000111111011011011101101000110010101000011001110110011
00001111110110110111011010001100101010000110011101100101
01111011011011101101000110010101000011001110110010010101
01101101101110110100011001010100001100111011001001010001
00110110111011010001100101010000110011101100100101000001
00110111011010001100101010000110011101100100101000000001
00111011010001100101010000110011101100100101000000000111
01011010001100101010000110011101100100101000000000110001
000111101011110100101000111111011011011101101000110010100
011010111101001010001111110110110111011010001100101010001
001011110100101000111111011011011101101000110010101000010
011101001010001111110110110111011010001100101010000110010
110001111110110110111011010001100101010000110011101100101
011110110110111011010001100101010000110011101100100101001
011011011011101101000110010101000011001110110010010100001
001101101110110100011001010100001100111011001001010000001
001110110100011001010100001100111011001001010000000001101
0001111010111101001010001111110110110111011010001100101011
0010111101001010001111110110110111011010001100101010000111
1111101001010001111110110110111011010001100101010000110010
0101001010001111110110110111011010001100101010000110011100
0111101101101110110100011001010100001100111011001001010001
0110110110111011010001100101010000110011101100100101000001
0011011011101101000110010101000011001110110010010100000001
0011011101101000110010101000011001110110010010100000000010
0011101101000110010101000011001110110010010100000000011001
00011110101111010010100011111101101101110110100011001010101
01101011110100101000111111011011011101101000110010101000010
00101111010010100011111101101101110110100011001010100001101
00010100011111101101101110110100011001010100001100111011000
00001111110110110111011010001100101010000110011101100100100
01111011011011101101000110010101000011001110110010010100001
01101101101110110100011001010100001100111011001001010000001
00110110111011010001100101010000110011101100100101000000001
00110111011010001100101010000110011101100100101000000000111
00111011010001100101010000110011101100100101000000000110001
000111101011110100101000111111011011011101101000110010101001
011010111101001010001111110110110111011010001100101010000111
011101001010001111110110110111011010001100101010000110011100
110010100011111101101101110110100011001010100001100111011000
000101000111111011011011101101000110010101000011001110110011
110001111110110110111011010001100101010000110011101100100100
000011111101101101110110100011001010100001100111011001001011
011110110110111011010001100101010000110011101100100101000001
011011011011101101000110010101000011001110110010010100000001
001101110110100011001010100001100111011001001010000000001101
0001111010111101001010001111110110110111011010001100101010001
0110101111010010100011111101101101110110100011001010100001101
0010111101001010001111110110110111011010001100101010000110010
1111101001010001111110110110111011010001100101010000110011100
1100101000111111011011011101101000110010101000011001110110011
0001010001111110110110111011010001100101010000110011101100101
1100011111101101101110110100011001010100001100111011001001011
0000111111011011011101101000110010101000011001110110010010101
0111101101101110110100011001010100001100111011001001010000001
0110110110111011010001100101010000110011101100100101000000001
0011011011101101000110010101000011001110110010010100000000010
0011011101101000110010101000011001110110010010100000000011001
01010010100011111101101101110110100011001010100001100111011000
11001010001111110110110111011010001100101010000110011101100101
11000111111011011011101101000110010101000011001110110010010101
00001111110110110111011010001100101010000110011101100100101001
01111011011011101101000110010101000011001110110010010100000001
00110110111011010001100101010000110011101100100101000000000111
00110111011010001100101010000110011101100100101000000000110001
000111101011110100101000111111011011011101101000110010101000010
011010111101001010001111110110110111011010001100101010000110010
010100101000111111011011011101101000110010101000011001110110011
110001111110110110111011010001100101010000110011101100100101001
000011111101101101110110100011001010100001100111011001001010001
011110110110111011010001100101010000110011101100100101000000001
011011011011101101000110010101000011001110110010010100000000010
001101101110110100011001010100001100111011001001010000000001101
0001111010111101001010001111110110110111011010001100101010000111
0010111101001010001111110110110111011010001100101010000110011100
0111010010100011111101101101110110100011001010100001100111011000
0101001010001111110110110111011010001100101010000110011101100101
0001010001111110110110111011010001100101010000110011101100100100
1100011111101101101110110100011001010100001100111011001001010001
0000111111011011011101101000110010101000011001110110010010100001
0110110110111011010001100101010000110011101100100101000000000111
0011011011101101000110010101000011001110110010010100000000011001
00011110101111010010100011111101101101110110100011001010100001101
11111010010100011111101101101110110100011001010100001100111011000
01110100101000111111011011011101101000110010101000011001110110011
11001010001111110110110111011010001100101010000110011101100100100
00010100011111101101101110110100011001010100001100111011001001011
11000111111011011011101101000110010101000011001110110010010100001
00001111110110110111011010001100101010000110011101100100101000001
01111011011011101101000110010101000011001110110010010100000000010
01101101101110110100011001010100001100111011001001010000000001101
00110110111011010001100101010000110011101100100101000000000110001
011010111101001010001111110110110111011010001100101010000110011100
111110100101000111111011011011101101000110010101000011001110110011
011101001010001111110110110111011010001100101010000110011101100101
110010100011111101101101110110100011001010100001100111011001001011
000101000111111011011011101101000110010101000011001110110010010101
110001111110110110111011010001100101010000110011101100100101000001
000011111101101101110110100011001010100001100111011001001010000001
011110110110111011010001100101010000110011101100100101000000000111
011011011011101101000110010101000011001110110010010100000000011001
0001111010111101001010001111110110110111011010001100101010000110010
1111101001010001111110110110111011010001100101010000110011101100101
0101001010001111110110110111011010001100101010000110011101100100100
1100101000111111011011011101101000110010101000011001110110010010101
0001010001111110110110111011010001100101010000110011101100100101001
1100011111101101101110110100011001010100001100111011001001010000001
0000111111011011011101101000110010101000011001110110010010100000001
0111101101101110110100011001010100001100111011001001010000000001101
0110110110111011010001100101010000110011101100100101000000000110001
00101111010010100011111101101101110110100011001010100001100111011000
01010010100011111101101101110110100011001010100001100111011001001011
11001010001111110110110111011010001100101010000110011101100100101001
00010100011111101101101110110100011001010100001100111011001001010001
11000111111011011011101101000110010101000011001110110010010100000001
00001111110110110111011010001100101010000110011101100100101000000001
01111011011011101101000110010101000011001110110010010100000000011001
001011110100101000111111011011011101101000110010101000011001110110011
011101001010001111110110110111011010001100101010000110011101100100100
010100101000111111011011011101101000110010101000011001110110010010101
110010100011111101101101110110100011001010100001100111011001001010001
000101000111111011011011101101000110010101000011001110110010010100001
110001111110110110111011010001100101010000110011101100100101000000001
011110110110111011010001100101010000110011101100100101000000000110001
0001111010111101001010001111110110110111011010001100101010000110011100
0110101111010010100011111101101101110110100011001010100001100111011000
0010111101001010001111110110110111011010001100101010000110011101100101
1111101001010001111110110110111011010001100101010000110011101100100100
0111010010100011111101101101110110100011001010100001100111011001001011
0101001010001111110110110111011010001100101010000110011101100100101001
1100101000111111011011011101101000110010101000011001110110010010100001
0001010001111110110110111011010001100101010000110011101100100101000001
0000111111011011011101101000110010101000011001110110010010100000000010
01101011110100101000111111011011011101101000110010101000011001110110011
11111010010100011111101101101110110100011001010100001100111011001001011
01110100101000111111011011011101101000110010101000011001110110010010101
01010010100011111101101101110110100011001010100001100111011001001010001
11001010001111110110110111011010001100101010000110011101100100101000001
00010100011111101101101110110100011001010100001100111011001001010000001
11000111111011011011101101000110010101000011001110110010010100000000010
00001111110110110111011010001100101010000110011101100100101000000000111
011010111101001010001111110110110111011010001100101010000110011101100101
111110100101000111111011011011101101000110010101000011001110110010010101
011101001010001111110110110111011010001100101010000110011101100100101001
010100101000111111011011011101101000110010101000011001110110010010100001
110010100011111101101101110110100011001010100001100111011001001010000001
000101000111111011011011101101000110010101000011001110110010010100000001
110001111110110110111011010001100101010000110011101100100101000000000111
000011111101101101110110100011001010100001100111011001001010000000001101
0010111101001010001111110110110111011010001100101010000110011101100100100
1111101001010001111110110110111011010001100101010000110011101100100101001
0111010010100011111101101101110110100011001010100001100111011001001010001
0101001010001111110110110111011010001100101010000110011101100100101000001
1100101000111111011011011101101000110010101000011001110110010010100000001
0001010001111110110110111011010001100101010000110011101100100101000000001
1100011111101101101110110100011001010100001100111011001001010000000001101
0000111111011011011101101000110010101000011001110110010010100000000011001
00011110101111010010100011111101101101110110100011001010100001100111011000
00101111010010100011111101101101110110100011001010100001100111011001001011
11111010010100011111101101101110110100011001010100001100111011001001010001
01110100101000111111011011011101101000110010101000011001110110010010100001
01010010100011111101101101110110100011001010100001100111011001001010000001
11001010001111110110110111011010001100101010000110011101100100101000000001
11000111111011011011101101000110010101000011001110110010010100000000011001
00001111110110110111011010001100101010000110011101100100101000000000110001
000111101011110100101000111111011011011101101000110010101000011001110110011
011010111101001010001111110110110111011010001100101010000110011101100100100
001011110100101000111111011011011101101000110010101000011001110110010010101
111110100101000111111011011011101101000110010101000011001110110010010100001
011101001010001111110110110111011010001100101010000110011101100100101000001
010100101000111111011011011101101000110010101000011001110110010010100000001
000101000111111011011011101101000110010101000011001110110010010100000000010
110001111110110110111011010001100101010000110011101100100101000000000110001
0001111010111101001010001111110110110111011010001100101010000110011101100101
0110101111010010100011111101101101110110100011001010100001100111011001001011
0010111101001010001111110110110111011010001100101010000110011101100100101001
1111101001010001111110110110111011010001100101010000110011101100100101000001
0111010010100011111101101101110110100011001010100001100111011001001010000001
0101001010001111110110110111011010001100101010000110011101100100101000000001
1100101000111111011011011101101000110010101000011001110110010010100000000010
0001010001111110110110111011010001100101010000110011101100100101000000000111
01101011110100101000111111011011011101101000110010101000011001110110010010101
00101111010010100011111101101101110110100011001010100001100111011001001010001
11111010010100011111101101101110110100011001010100001100111011001001010000001
01110100101000111111011011011101101000110010101000011001110110010010100000001
11001010001111110110110111011010001100101010000110011101100100101000000000111
00010100011111101101101110110100011001010100001100111011001001010000000001101
011010111101001010001111110110110111011010001100101010000110011101100100101001
001011110100101000111111011011011101101000110010101000011001110110010010100001
111110100101000111111011011011101101000110010101000011001110110010010100000001
011101001010001111110110110111011010001100101010000110011101100100101000000001
010100101000111111011011011101101000110010101000011001110110010010100000000010
110010100011111101101101110110100011001010100001100111011001001010000000001101
000101000111111011011011101101000110010101000011001110110010010100000000011001
0001111010111101001010001111110110110111011010001100101010000110011101100100100
0110101111010010100011111101101101110110100011001010100001100111011001001010001
0010111101001010001111110110110111011010001100101010000110011101100100101000001
1111101001010001111110110110111011010001100101010000110011101100100101000000001
0101001010001111110110110111011010001100101010000110011101100100101000000000111
1100101000111111011011011101101000110010101000011001110110010010100000000011001
0001010001111110110110111011010001100101010000110011101100100101000000000110001
00011110101111010010100011111101101101110110100011001010100001100111011001001011
01101011110100101000111111011011011101101000110010101000011001110110010010100001
00101111010010100011111101101101110110100011001010100001100111011001001010000001
01110100101000111111011011011101101000110010101000011001110110010010100000000010
01010010100011111101101101110110100011001010100001100111011001001010000000001101
11001010001111110110110111011010001100101010000110011101100100101000000000110001
000111101011110100101000111111011011011101101000110010101000011001110110010010101
011010111101001010001111110110110111011010001100101010000110011101100100101000001
001011110100101000111111011011011101101000110010101000011001110110010010100000001
111110100101000111111011011011101101000110010101000011001110110010010100000000010
011101001010001111110110110111011010001100101010000110011101100100101000000000111
010100101000111111011011011101101000110010101000011001110110010010100000000011001
0001111010111101001010001111110110110111011010001100101010000110011101100100101001
0110101111010010100011111101101101110110100011001010100001100111011001001010000001
0010111101001010001111110110110111011010001100101010000110011101100100101000000001
1111101001010001111110110110111011010001100101010000110011101100100101000000000111
0111010010100011111101101101110110100011001010100001100111011001001010000000001101
0101001010001111110110110111011010001100101010000110011101100100101000000000110001
00011110101111010010100011111101101101110110100011001010100001100111011001001010001
01101011110100101000111111011011011101101000110010101000011001110110010010100000001
11111010010100011111101101101110110100011001010100001100111011001001010000000001101
01110100101000111111011011011101101000110010101000011001110110010010100000000011001
000111101011110100101000111111011011011101101000110010101000011001110110010010100001
011010111101001010001111110110110111011010001100101010000110011101100100101000000001
001011110100101000111111011011011101101000110010101000011001110110010010100000000010
111110100101000111111011011011101101000110010101000011001110110010010100000000011001
011101001010001111110110110111011010001100101010000110011101100100101000000000110001
0001111010111101001010001111110110110111011010001100101010000110011101100100101000001
0010111101001010001111110110110111011010001100101010000110011101100100101000000000111
1111101001010001111110110110111011010001100101010000110011101100100101000000000110001
00011110101111010010100011111101101101110110100011001010100001100111011001001010000001
01101011110100101000111111011011011101101000110010101000011001110110010010100000000010
00101111010010100011111101101101110110100011001010100001100111011001001010000000001101
000111101011110100101000111111011011011101101000110010101000011001110110010010100000001
011010111101001010001111110110110111011010001100101010000110011101100100101000000000111
001011110100101000111111011011011101101000110010101000011001110110010010100000000011001
0001111010111101001010001111110110110111011010001100101010000110011101100100101000000001
0110101111010010100011111101101101110110100011001010100001100111011001001010000000001101
0010111101001010001111110110110111011010001100101010000110011101100100101000000000110001
01101011110100101000111111011011011101101000110010101000011001110110010010100000000011001
000111101011110100101000111111011011011101101000110010101000011001110110010010100000000010
011010111101001010001111110110110111011010001100101010000110011101100100101000000000110001
0001111010111101001010001111110110110111011010001100101010000110011101100100101000000000111
00011110101111010010100011111101101101110110100011001010100001100111011001001010000000001101
000111101011110100101000111111011011011101101000110010101000011001110110010010100000000011001
0001111010111101001010001111110110110111011010001100101010000110011101100100101000000000110001
