g:55 285 27 323 22 400 20 49 40 336 50 98 36 12 96 294
i:* 2 3 * * 7 * * 17 19 20 * * 42 48 *

g:252 260 13 30 25 144 36 30 48 21 40 30 224 56 46 22
i:1 * * * * * 8 10 14 16 21 23 * * 28 42

g:132 120 23 27 180 27 130 29 198 28 31 126 168 92 23 26
i:* * 6 * 9 9 10 * * * * * * * 22 *

g:10 12 25 99 45 20 16 28 64 20 15 14 8 36 11 16
i:1 2 3 3 5 5 5 5 6 8 9 9 11 11 14 18

g:10 12 25 99 45 20 16 28 64 20 15 14 8 36 11 16
i:* 2 * 3 5 5 5 5 * 8 9 * 11 11 14 18

g:55 285 27 323 22 400 20 49 40 336 50 98 36 12 96 294
i:2 2 3 7 7 7 15 16 17 19 20 42 42 42 48 48

g:55 285 27 323 22 400 20 49 40 336 50 98 36 12 96 294
i:1 2 3 3 5 7 8 9 17 19 20 21 22 42 48 49
