01
10
001
100
010
111
0001
1000
0111
1110
0100
1101
0010
1011
00001
10000
00010
00100
01011
11001
01110
00111
11100
01000
10110
11111
011100
010101
000100
000010
011010
011111
111000
101111
001101
100000
0001110
0110100
0010110
1111100
0111011
1100100
1100010
0001011
0011010
0110111
0011100
0101100
0101001
0000111
1011000
0100110
1111010
0001000
1000000
0100000
00011111
01110101
00010101
00001110
01111010
00110111
11101001
01011011
00001101
00100000
10011000
11100110
10111010
01001111
01101101
00010011
10000000
11100000
011010110
111110101
010100100
000101001
110001110
011011010
011110111
010100010
010110101
110001101
110100000
100011000
101100110
111001111
111101101
100000000
101100000
0010111100
1100101001
0101001011
0000111110
0011011010
0110110111
0011011100
0011101100
1110100010
0101101001
0101000111
1001100110
0100111010
1011001111
1011101101
0011001000
1000000000
1001100000
00000100000
00011110100
00101111011
01110100100
00010100010
01010010101
11000111110
00001111111
01111011010
00111011011
01010001101
00001100100
10001100110
11100111010
10011001111
01001110111
00110010011
10001100000
110000100000
011010111100
001011110101
111110100100
110010100010
010100101001
011101001011
110001111111
011011011010
011110110111
010110100010
001110110101
111010001101
110001100100
000011001011
001000011000
101100111010
100011001111
010011101101
011011001000
100001100000
1010000100000
0001111010110
0110101111011
0111010010101
0001010001110
0000111111010
0011011011100
0011011101100
0011101101001
0101101000111
1100011001011
0001010100000
1101000011000
1001100111010
1110011101101
1111011001000
0110110010011
0010000000000
1000001100000
10010000100000
01101011110101
01010010100010
01110100101001
11001010001110
11000111111010
00001111110111
01111011011010
00110111011011
01011010001101
01010001100100
00100001100110
10001100111010
10110011101101
10111011001000
11110110010011
11010000000000
10000001100000
100010000100000
001011110100100
111110100101001
000101000111110
110001111110111
011011011011100
001110110100010
001101110110101
111010001100100
010100011001011
110100001100110
001000011001111
100110011101101
101110110010011
101010000000000
100000001100000
0001111010111100
0111010010100010
0010111101001011
0101001010001110
1100101000111110
0001010001111111
0000111111011010
0011011011101100
0011011101101001
0011101101000111
1110100011001011
1101000011001111
1000110011101101
0100111011001000
1000000001100000
01000010000100000
00011110101111011
01101011110100100
11111010010100010
00101111010010101
11001010001111111
11000111111011010
00001111110110111
01111011011011100
00110110111011011
00111011010001101
01011010001100100
00010101000011000
00100001100111010
11100111011001000
01001110110010011
111000010000100000
000111101011110101
001011110100101001
011010111101001011
011101001010001110
010100101000111110
000101000111111010
110001111110110111
011011011011101100
001101110110100010
001101101110110101
010110100011001011
000011001010100000
110100001100111010
001000011001110111
101100111011001000
111001110110010011
1011000010000100000
0110101111010010101
1111101001010001110
1100101000111111010
0101001010001111111
0001010001111110111
0000111111011011010
0011011011101101001
0110110110111011011
0011011101101000111
1100011001010100000
0001010100001100110
0010000110011101101
1001100111011001000
1011001110110010011
0001001010000000000
0010000000001100000
10011000010000100000
00101111010010100010
01101011110100101001
01110100101000111110
11001010001111110111
11000111111011011010
01111011011011101100
01101101101110110101
00110111011010001101
00111011010001100100
00010101000011001111
11010000110011101101
10001100111011001000
10011001110110010011
11010000000001100000
100011000010000100000
000111101011110100100
111110100101000111110
010100101000111111010
011101001010001111111
000101000111111011010
001101101110110100010
011011011011101101001
011110110110111011011
001110110100011001011
010100011001010100000
100011001110110010011
101010000000001100000
1000011000010000100000
0001111010111101001011
0110101111010010100010
0010111101001010001110
1111101001010001111111
1100101000111111011010
0101001010001111110111
0001010001111110110111
0000111111011011011100
0111101101101110110101
0011011011101101000111
1110100011001010100000
0000110010101000011000
0001010100001100111010
0011001001010000000000
10000011000010000100000
00011110101111010010101
01110100101000111111010
11001010001111110110111
11000111111011011011100
01101101101110110100010
01111011011011101101001
00110110111011010001101
00110111011010001100100
11000110010101000011000
00010101000011001110111
00100001100111011001000
100000011000010000100000
000111101011110100101001
011010111101001010001110
001011110100101000111110
111110100101000111111010
010100101000111111011010
011101001010001111110111
000101000111111011011010
011011011011101101000111
001101110110100011001011
010110100011001010100000
000011001010100001100110
000101010000110011101101
110100001100111011001000
001000011001110110010011
011011001001010000000000
1000000011000010000100000
0010111101001010001111111
1111101001010001111110111
1100101000111111011011010
0101001010001111110110111
0000111111011011011101100
0111101101101110110100010
0110110110111011010001101
0101000110010101000011000
1100011001010100001100110
0000110010101000011001111
1101000011001110110010011
1111011001001010000000000
0001001010000000001100000
10000000011000010000100000
00011110101111010010100010
01101011110100101000111110
01110100101000111111011010
11000111111011011011101100
00001111110110110111011011
01111011011011101101000111
00110110111011010001100100
11101000110010101000011000
11000110010101000011001111
10111011001001010000000000
001011110100101000111111010
011010111101001010001111111
111110100101000111111011010
010100101000111111011011010
011101001010001111110110111
000101000111111011011011100
000011111101101101110110101
011110110110111011010001101
001101101110110100011001011
001110110100011001010100000
010100011001010100001100110
000011001010100001100111010
0001111010111101001010001110
0010111101001010001111110111
1111101001010001111110110111
1100101000111111011011011100
0000111111011011011101101001
0110110110111011010001100100
0101101000110010101000011000
1110100011001010100001100110
1100011001010100001100111010
0101000110010101000011001111
0000110010101000011001110111
0001010100001100111011001000
0100111011001001010000000000
0011001001010000000001100000
00100000000011000010000100000
01101011110100101000111111010
01110100101000111111011011010
11000111111011011011101101001
01101101101110110100011001011
11101000110010101000011001111
00001100101010000110011101101
00010101000011001110110010011
11100111011001001010000000000
110100000000011000010000100000
000111101011110100101000111110
001011110100101000111111011010
011010111101001010001111110111
111110100101000111111011011010
010100101000111111011011011100
000101000111111011011011101100
000011111101101101110110100010
011110110110111011010001100100
001101110110100011001010100000
010110100011001010100001100110
010100011001010100001100111010
110001100101010000110011101101
101100111011001001010000000000
011011001001010000000001100000
1010100000000011000010000100000
0001111010111101001010001111111
0010111101001010001111110110111
1100101000111111011011011101100
1100011111101101101110110100010
0001010001111110110110111011011
0000111111011011011101101000111
0111101101101110110100011001011
0011101101000110010101000011000
1110100011001010100001100111010
0101101000110010101000011001111
0101000110010101000011001110111
1001100111011001001010000000000
1111011001001010000000001100000
01101011110100101000111111011010
01110100101000111111011011011100
00010100011111101101101110110101
00001111110110110111011010001101
01010001100101010000110011101101
10001100111011001001010000000000
10111011001001010000000001100000
000111101011110100101000111111010
001011110100101000111111011011010
011010111101001010001111110110111
111110100101000111111011011011100
010100101000111111011011011101100
000101000111111011011011101101001
110001111110110110111011010001101
001101101110110100011001010100000
001110110100011001010100001100110
010110100011001010100001100111010
111010001100101010000110011101101
000011001010100001100111011001000
0001111010111101001010001111110111
1100101000111111011011011101101001
0101001010001111110110110111011011
0011011101101000110010101000011000
0011101101000110010101000011001111
0101101000110010101000011001110111
1100011001010100001100111011001000
0000110010101000011001110110010011
0100111011001001010000000001100000
00010010100000000011000010000100000
01101011110100101000111111011011010
01110100101000111111011011011101100
00010100011111101101101110110100010
01010010100011111101101101110110101
00001111110110110111011010001100100
01101101101110110100011001010100000
01011010001100101010000110011101101
11000110010101000011001110110010011
00100001100111011001001010000000000
11100111011001001010000000001100000
000111101011110100101000111111011010
001011110100101000111111011011011100
111110100101000111111011011011101100
110010100011111101101101110110100010
010100101000111111011011011101101001
011101001010001111110110110111011011
000101000111111011011011101101000111
110001111110110110111011010001100100
000011111101101101110110100011001011
001101110110100011001010100001100110
001110110100011001010100001100111010
010100011001010100001100111011001000
110100001100111011001001010000000000
101100111011001001010000000001100000
0001111010111101001010001111110110111
0111010010100011111101101101110110101
0001010001111110110110111011010001101
1100011111101101101110110100011001011
0111101101101110110100011001010100000
0011011011101101000110010101000011000
0011011101101000110010101000011001111
0011101101000110010101000011001110111
1110100011001010100001100111011001000
0101000110010101000011001110110010011
1001100111011001001010000000001100000
00110010010100000000011000010000100000
01101011110100101000111111011011011100
01010010100011111101101101110110100010
01110100101000111111011011011101101001
11001010001111110110110111011010001101
00111011010001100101010000110011101101
11101000110010101000011001110110010011
10001100111011001001010000000001100000
000111101011110100101000111111011011010
001011110100101000111111011011011101100
111110100101000111111011011011101101001
010100101000111111011011011101101000111
011011011011101101000110010101000011000
001101101110110100011001010100001100110
001101110110100011001010100001100111010
010110100011001010100001100111011001000
0110110010010100000000011000010000100000
0111010010100011111101101101110110100010
0010111101001010001111110110110111011011
0101001010001111110110110111011010001101
0001010001111110110110111011010001100100
0011011011101101000110010101000011001111
0011011101101000110010101000011001110111
0101101000110010101000011001110110010011
0001010100001100111011001001010000000000
11110110010010100000000011000010000100000
01101011110100101000111111011011011101100
11111010010100011111101101101110110100010
00101111010010100011111101101101110110101
01110100101000111111011011011101101000111
11001010001111110110110111011010001100100
00010100011111101101101110110100011001011
01111011011011101101000110010101000011000
01101101101110110100011001010100001100110
00110111011010001100101010000110011101101
00100001100111011001001010000000001100000
101110110010010100000000011000010000100000
000111101011110100101000111111011011011100
001011110100101000111111011011011101101001
011010111101001010001111110110110111011011
011101001010001111110110110111011010001101
110010100011111101101101110110100011001011
000011111101101101110110100011001010100000
001101101110110100011001010100001100111010
011011011011101101000110010101000011001111
001110110100011001010100001100111011001000
110100001100111011001001010000000001100000
0110101111010010100011111101101101110110101
1111101001010001111110110110111011010001101
0101001010001111110110110111011010001100100
1100011111101101101110110100011001010100000
0111101101101110110100011001010100001100110
0011011011101101000110010101000011001110111
0011101101000110010101000011001110110010011
01001110110010010100000000011000010000100000
00101111010010100011111101101101110110100010
01101011110100101000111111011011011101101001
01010010100011111101101101110110100011001011
01101101101110110100011001010100001100111010
01111011011011101101000110010101000011001111
00110110111011010001100101010000110011101101
111001110110010010100000000011000010000100000
000111101011110100101000111111011011011101100
001011110100101000111111011011011101101000111
011101001010001111110110110111011010001100100
011011011011101101000110010101000011001110111
001101110110100011001010100001100111011001000
000011001010100001100111011001001010000000000
1011001110110010010100000000011000010000100000
0001111010111101001010001111110110110111011011
0110101111010010100011111101101101110110100010
0010111101001010001111110110110111011010001101
1111101001010001111110110110111011010001100100
0111010010100011111101101101110110100011001011
0000111111011011011101101000110010101000011000
0111101101101110110100011001010100001100111010
0110110110111011010001100101010000110011101101
0011011101101000110010101000011001110110010011
1100011001010100001100111011001001010000000000
0001010100001100111011001001010000000001100000
10011001110110010010100000000011000010000100000
00011110101111010010100011111101101101110110101
01101011110100101000111111011011011101101000111
11111010010100011111101101101110110100011001011
00010100011111101101101110110100011001010100000
11000111111011011011101101000110010101000011000
01111011011011101101000110010101000011001110111
100011001110110010010100000000011000010000100000
000111101011110100101000111111011011011101101001
011010111101001010001111110110110111011010001101
110010100011111101101101110110100011001010100000
000011111101101101110110100011001010100001100110
011110110110111011010001100101010000110011101101
001101101110110100011001010100001100111011001000
010100011001010100001100111011001001010000000000
0010111101001010001111110110110111011010001100100
1100011111101101101110110100011001010100001100110
0000111111011011011101101000110010101000011001111
0011011011101101000110010101000011001110110010011
1110100011001010100001100111011001001010000000000
00011110101111010010100011111101101101110110100010
00101111010010100011111101101101110110100011001011
01010010100011111101101101110110100011001010100000
11000111111011011011101101000110010101000011001111
01101101101110110100011001010100001100111011001000
001000011001110110010010100000000011000010000100000
000111101011110100101000111111011011011101101000111
011010111101001010001111110110110111011010001100100
000101000111111011011011101101000110010101000011000
000011111101101101110110100011001010100001100111010
011011011011101101000110010101000011001110110010011
010110100011001010100001100111011001001010000000000
000011001010100001100111011001001010000000001100000
1101000011001110110010010100000000011000010000100000
0001111010111101001010001111110110110111011010001101
0110101111010010100011111101101101110110100011001011
0111010010100011111101101101110110100011001010100000
1100101000111111011011011101101000110010101000011000
1100011111101101101110110100011001010100001100111010
0000111111011011011101101000110010101000011001110111
0111101101101110110100011001010100001100111011001000
1100011001010100001100111011001001010000000001100000
11111010010100011111101101101110110100011001010100000
00010100011111101101101110110100011001010100001100110
00001111110110110111011010001100101010000110011101101
01111011011011101101000110010101000011001110110010011
010100101000111111011011011101101000110010101000011000
110010100011111101101101110110100011001010100001100110
000101000111111011011011101101000110010101000011001111
110001111110110110111011010001100101010000110011101101
001110110100011001010100001100111011001001010000000000
010100011001010100001100111011001001010000000001100000
0001111010111101001010001111110110110111011010001100100
1100101000111111011011011101101000110010101000011001111
1110100011001010100001100111011001001010000000001100000
00010101000011001110110010010100000000011000010000100000
00011110101111010010100011111101101101110110100011001011
00101111010010100011111101101101110110100011001010100000
01110100101000111111011011011101101000110010101000011000
01010010100011111101101101110110100011001010100001100110
00010100011111101101101110110100011001010100001100111010
111110100101000111111011011011101101000110010101000011000
110010100011111101101101110110100011001010100001100111010
010100101000111111011011011101101000110010101000011001111
000101000111111011011011101101000110010101000011001110111
000011111101101101110110100011001010100001100111011001000
001101110110100011001010100001100111011001001010000000000
010110100011001010100001100111011001001010000000001100000
0110101111010010100011111101101101110110100011001010100000
0111010010100011111101101101110110100011001010100001100110
0001010001111110110110111011010001100101010000110011101101
1100011111101101101110110100011001010100001100111011001000
0000111111011011011101101000110010101000011001110110010011
11111010010100011111101101101110110100011001010100001100110
01010010100011111101101101110110100011001010100001100111010
01110100101000111111011011011101101000110010101000011001111
11001010001111110110110111011010001100101010000110011101101
11000111111011011011101101000110010101000011001110110010011
001011110100101000111111011011011101101000110010101000011000
111110100101000111111011011011101101000110010101000011001111
010100101000111111011011011101101000110010101000011001110111
001101101110110100011001010100001100111011001001010000000000
001110110100011001010100001100111011001001010000000001100000
0000110010101000011001110110010010100000000011000010000100000
0111010010100011111101101101110110100011001010100001100111010
0101001010001111110110110111011010001100101010000110011101101
11000110010101000011001110110010010100000000011000010000100000
00011110101111010010100011111101101101110110100011001010100000
01101011110100101000111111011011011101101000110010101000011000
00101111010010100011111101101101110110100011001010100001100110
11111010010100011111101101101110110100011001010100001100111010
01110100101000111111011011011101101000110010101000011001110111
00010100011111101101101110110100011001010100001100111011001000
01101101101110110100011001010100001100111011001001010000000000
001011110100101000111111011011011101101000110010101000011001111
011101001010001111110110110111011010001100101010000110011101101
110010100011111101101101110110100011001010100001100111011001000
000101000111111011011011101101000110010101000011001110110010011
001101110110100011001010100001100111011001001010000000001100000
0101000110010101000011001110110010010100000000011000010000100000
0110101111010010100011111101101101110110100011001010100001100110
1111101001010001111110110110111011010001100101010000110011101101
1100101000111111011011011101101000110010101000011001110110010011
0111101101101110110100011001010100001100111011001001010000000000
11101000110010101000011001110110010010100000000011000010000100000
00101111010010100011111101101101110110100011001010100001100111010
01101011110100101000111111011011011101101000110010101000011001111
01010010100011111101101101110110100011001010100001100111011001000
000111101011110100101000111111011011011101101000110010101000011000
001011110100101000111111011011011101101000110010101000011001110111
010100101000111111011011011101101000110010101000011001110110010011
001101101110110100011001010100001100111011001001010000000001100000
0101101000110010101000011001110110010010100000000011000010000100000
0110101111010010100011111101101101110110100011001010100001100111010
0010111101001010001111110110110111011010001100101010000110011101101
0111010010100011111101101101110110100011001010100001100111011001000
00011110101111010010100011111101101101110110100011001010100001100110
01101011110100101000111111011011011101101000110010101000011001110111
11111010010100011111101101101110110100011001010100001100111011001000
01110100101000111111011011011101101000110010101000011001110110010011
01101101101110110100011001010100001100111011001001010000000001100000
000111101011110100101000111111011011011101101000110010101000011001111
011010111101001010001111110110110111011010001100101010000110011101101
111110100101000111111011011011101101000110010101000011001110110010011
000011111101101101110110100011001010100001100111011001001010000000000
0011101101000110010101000011001110110010010100000000011000010000100000
1100011111101101101110110100011001010100001100111011001001010000000000
0111101101101110110100011001010100001100111011001001010000000001100000
00011110101111010010100011111101101101110110100011001010100001100111010
00101111010010100011111101101101110110100011001010100001100111011001000
000111101011110100101000111111011011011101101000110010101000011001110111
001011110100101000111111011011011101101000110010101000011001110110010011
0011011101101000110010101000011001110110010010100000000011000010000100000
0001111010111101001010001111110110110111011010001100101010000110011101101
0110101111010010100011111101101101110110100011001010100001100111011001000
01101011110100101000111111011011011101101000110010101000011001110110010011
00010100011111101101101110110100011001010100001100111011001001010000000000
110010100011111101101101110110100011001010100001100111011001001010000000000
000011111101101101110110100011001010100001100111011001001010000000001100000
0011011011101101000110010101000011001110110010010100000000011000010000100000
1100011111101101101110110100011001010100001100111011001001010000000001100000
00011110101111010010100011111101101101110110100011001010100001100111011001000
01010010100011111101101101110110100011001010100001100111011001001010000000000
011011011011101101000110010101000011001110110010010100000000011000010000100000
000111101011110100101000111111011011011101101000110010101000011001110110010011
0111010010100011111101101101110110100011001010100001100111011001001010000000000
01111011011011101101000110010101000011001110110010010100000000011000010000100000
11111010010100011111101101101110110100011001010100001100111011001001010000000000
00010100011111101101101110110100011001010100001100111011001001010000000001100000
110010100011111101101101110110100011001010100001100111011001001010000000001100000
00101111010010100011111101101101110110100011001010100001100111011001001010000000000
01010010100011111101101101110110100011001010100001100111011001001010000000001100000
0000111111011011011101101000110010101000011001110110010010100000000011000010000100000
0110101111010010100011111101101101110110100011001010100001100111011001001010000000000
0111010010100011111101101101110110100011001010100001100111011001001010000000001100000
11000111111011011011101101000110010101000011001110110010010100000000011000010000100000
11111010010100011111101101101110110100011001010100001100111011001001010000000001100000
00011110101111010010100011111101101101110110100011001010100001100111011001001010000000000
00101111010010100011111101101101110110100011001010100001100111011001001010000000001100000
000101000111111011011011101101000110010101000011001110110010010100000000011000010000100000
1100101000111111011011011101101000110010101000011001110110010010100000000011000010000100000
0110101111010010100011111101101101110110100011001010100001100111011001001010000000001100000
010100101000111111011011011101101000110010101000011001110110010010100000000011000010000100000
01110100101000111111011011011101101000110010101000011001110110010010100000000011000010000100000
00011110101111010010100011111101101101110110100011001010100001100111011001001010000000001100000
111110100101000111111011011011101101000110010101000011001110110010010100000000011000010000100000
000111101011110100101000111111011011011101101000110010101000011001110110010010100000000011000011
0001111010111101001010001111110110110111011010001100101010000110011101100100101000000000110000101
00011110101111010010100011111101101101110110100011001010100001100111011001001010000000001100001001
001011110100101000111111011011011101101000110010101000011001110110010010100000000011000010000100000
000111101011110100101000111111011011011101101000110010101000011001110110010010100000000011000010001
01101011110100101000111111011011011101101000110010101000011001110110010010100000000011000010000100000
